[0.9205340151228091, 0.8031244045678033, 0.9317421357615344, 0.39963698356222827, -0.9861271600180851, 0.9773755050120878, 0.9034850369295555, 0.9456307531310292, -0.9839868404844901, 0.99248834229403, -0.9763534168001048, 0.9796872428628948, -0.9952089991263202, 0.9719955706064202, -0.9736805360086292, 0.9411081577039326, -0.984321371918733, 0.9841198681214769, -0.9495488592647251, -0.9653438860898539, 0.20666175437956658, -0.7991508688945658, -0.9882170386959059, -0.7734247867883275, -0.49748763404731783, -0.9027894247700187, -0.97647371768596, -0.9559041310089331, 0.9852044087926166, 0.927973299678893, -0.7285373536767201, 0.9950749135037209]
[0.487428482636936, 0.17042285706753116, -0.020384663399850025, 0.5875510638923733, -0.428208871978862, -0.5666518355273985, -0.5301494178236975, -0.09659805885332512, -0.17540786846132855, -0.4171724303649603, -0.6776362724438967, -0.3452409743830738, -0.381302396885095, -0.2742209987064634, 0.06494450134500594, -0.411511006643994, 0.1466903073346629, 0.15270472626496745, 0.6591415736475683, -0.17657904995113916, -0.596102953439605, 0.6873338224961014, 0.57266365121763, -0.10105405894636314, -0.5032895911752763, -0.501547578091292, 0.6847665874311643, -0.4421093175035552, -0.007132199759083499, 0.2783796921597411, -0.7634137067210753, 0.6433845921055904]
[-0.31231385153286206, 0.15229104509645133, 0.2194231174098888, 0.5737954886177205, -0.6390782244119968, 0.23462969887210178, 0.17548838507510595, 0.5347950997388754, -0.3753126413834567, 0.07641143461315023, 0.4316470740529158, -0.31035170739404366, -0.5119265396629206, 0.696156609739017, -0.6308949802806963, -0.5308368716354407, 0.4613036849100172, -0.48900222719490044, 0.5504704129122758, -0.2972954283848652, 0.5986557667023694, 0.1489608915291903, 0.5510568766570128, 0.17224050659509696, 0.6356049501135552, 0.13942136784037235, -0.006265664540424228, 0.30146020241760274, -0.6666267058402687, -0.3217936498030002, 0.05153208719299023, 0.14561205645630873]
[0.7290870504543161, -0.6585634638968201, 0.25510831274617524, 0.36965999007876243, -0.5054542879720131, 0.09165758958053781, 0.729982900614483, 0.09282035789104745, -0.5049993989898925, 0.6377820752970721, -0.24837331068542007, 0.5809716896105387, 0.7253453598884663, 0.05871865683225472, -0.4370317515353243, -0.07679090225154095, 0.7747623446928833, -0.6841131052377236, -0.49424322130243775, -0.7309340779115059, 0.6128645775379814, -0.726634738284009, 0.5673833386930369, 0.44176389078549616, 0.6566742873845267, 0.7131927043264559, 0.6617129170874108, -0.5481877051470061, 0.541949885745911, -0.31285490176586106, -0.4089590855562365, -0.6160005134066368]
[0.6792896315487505, -0.4754753357705527, -0.4618931893292341, -0.5525290935934156, 0.6299775126316401, -0.708575979205537, 0.18510147621669026, -0.6062996400667279, 0.6939572835864839, -0.7975894552935968, 0.5224295321618935, -0.5169311966252271, -0.16713300368011083, -0.5824673350950121, -0.763688612123094, -0.6031797067651915, -0.2376367891307695, -0.7146920022937291, -0.5003116854737114, -0.24718735012400578, 0.16660645205943198, -0.6117068398106031, -0.6428720917672932, 0.3549164409350004, -0.532049895977835, 0.7570106426349569, -0.43946683562645245, 0.14312031371419467, 0.2822608758600174, -0.3484004503009524, -0.7963230664502164, 0.09578554404960077]
[-0.47189005205710516, 0.5815652648687322, -0.46059762616037014, 0.21326359169914588, -0.10453892273587667, -0.5582122678812128, 0.07552637972359637, 0.7495221674703239, 0.06320070514223328, -0.7454656787643124, -0.04560087880667853, -0.5773152597818118, -0.7215004782244594, -0.2578065908247441, -0.09640441529750497, 0.7869570092837022, 0.6441125333278671, -0.4051455513570619, 0.05178967656035517, -0.7765775659815545, -0.5667325185928361, -0.7000048593999516, -0.6394623674691954, 0.5458362865929749, -0.283058874973986, -0.8377058951491149, -0.4320562724830586, 0.4687412443134303, -0.5246011507062658, -0.6670023630631068, 0.7465495778141518, -0.5402827187607909]
[-0.3167392617282887, 0.11437348187886862, 0.6626366775927007, 0.40684646036618377, -0.23191085223862426, -0.40808389881062584, -0.5606655005239246, 0.14749674845441135, 0.23415105416676507, 0.6651099908714092, -0.4317280583024976, -0.40861357237757845, 0.21848188177873246, 0.26140990499181976, -0.28030701067494307, -0.11018819362982818, 0.41053660970324407, -0.21461694216480237, 0.22545208975542005, -0.5529795423349365, -0.12892558074769553, 0.29650734978286264, -0.21758055129089704, 0.548034395845492, -0.2072805373207448, -0.6369664966697035, -0.7847887989044168, 0.18169877180696822, 0.4645997875688203, 0.5739004142811613, 0.615371865176541, 0.7576586476790313]
[-0.9999112724231555, -0.9993781483865345, 0.9824304780275046, 0.4297971428284351, -0.9998414438051937, 0.9992495475341876, 0.9977566244157181, 0.9975161456810855, -0.9977975384735055, -0.7370609293319531, 0.9997487448729264, -0.9996989034534293, -0.9808765928687811, 0.9852673043288298, 0.9984508151601854, 0.9994446289821993, 0.999608010446994, -0.9873642170261016, -0.9997925548900964, 0.9991293682230904, -0.9430667684395143, 0.9997536320248331, 0.999661425941102, -0.9998165973944813, -0.9991647847344725, -0.9983635275002816, 0.9999153934964873, 0.9989832707646595, 0.9891990745927198, -0.9992145962291118, 0.9995443823950628, -0.9997046886361206]
[-0.7569073670953987, 0.9818301135551757, -0.9957032371648257, -0.9989547088525982, 0.9968739241432993, -0.9996973020604755, -0.9982720777460848, 0.9910473684240243, -0.9929517788466315, -0.9980109736417829, -0.9977925088350663, -0.9994710142572273, 0.9158450603686534, -0.9990002662156268, 0.9984920902921784, -0.9914781354913578, -0.98928638568447, -0.8895101274731582, 0.9957877104337732, -0.39816212858972044, -0.9955935805907247, -0.9903508002187327, -0.9909800730265859, -0.9704588935081134, 0.9984600985836184, -0.995934577681981, -0.998812219260191, -0.998212656614018, -0.9997788325034573, 0.9980850759720907, 0.7365881637881923, 0.9983923520271653]
[-0.35346343998210655, 0.8905072484217085, -0.8930837540291583, 0.25644190936764516, 0.7814343363272098, -0.9177632042763446, -0.9175784832210511, -0.8118634689548049, 0.19840647405803707, 0.3953960554633639, -0.5386319256066704, 0.8180357511742505, -0.6817261255452144, -0.9352365498078982, 0.7522634535348707, -0.7147642398772238, -0.9149709707751449, 0.8669478580780584, 0.5986412874491966, 0.37667540831836205, -0.00435775091860893, -0.5632253229506211, 0.7945812999159725, 0.7978278694098906, 0.3136251764028627, 0.958381194777045, -0.496792076117123, -0.12532782468027626, 0.4605259062861673, -0.7237865966077746, 0.6664166966586381, 0.05371953285460908]
[0.649741131893008, 0.6949426635265676, 0.044408621218433815, -0.024704347910593217, -0.5985699954244854, -0.5555218299702388, -0.65466556373917, 0.38842967895929065, 0.3948329417023185, 0.09636366669095438, -0.37186402557169734, -0.3259730007918823, 0.48011357260736787, -0.20503470143996153, -0.5043200137483423, -0.35399944013258083, -0.27642046552555494, 0.6246177085123087, -0.6151815465258241, 0.015396759995476463, 0.5966384166478153, 0.008717628132206808, 0.6428472621147179, 0.6051591108059345, 0.05969594272083832, 0.4452106672287495, -0.5945962254970728, -0.009096935524205976, -0.6474068397876437, 0.5452481705795849, -0.06506931960770052, 0.1375591407853741]
[0.02960953975611764, -0.9975011857191132, 0.9886478852645284, 0.9852815298182601, -0.9908322544356887, 0.5140734319624991, 0.03388983463122119, 0.9976926511668858, -0.7014772020449248, 0.9963955574049331, -0.9309741703844998, -0.9888675523651502, -0.8632293133821706, -0.9969582034579176, -0.9352670697582164, -0.9949665254460555, -0.996285596083941, 0.9906795664208947, -0.9915911583845125, -0.9909743203138748, -0.9409892662403744, -0.9971896028705377, -0.9637171166920294, -0.99660928846553, 0.8381238929700239, -0.995877933085976, 0.9303886457330456, 0.9044268325070766, -0.9913873129307879, 0.9904672772290419, -0.9796475013276597, 0.008346558242152148]
[-0.9975652175379562, -0.9999910745900082, -0.9999501410658668, -0.9998723588745564, -0.9999884049308059, -0.9998596233207238, 0.9999454987180165, 0.9998466034050875, -0.9985314691861671, -0.9999623632121596, 0.9999888400438536, 0.9997177670892593, 0.9961054551889886, 0.9999716491919738, -0.9999732182585426, 0.9998451669114626, 0.9999752028822317, 0.9999460329875055, -0.9997796415013569, -0.99992587213117, 0.9980316308025555, 0.9997990256725985, 0.9999460299626123, 0.9999633269563777, 0.9998982085663053, -0.9999454387966835, 0.9999945086477431, -0.9997689445055993, 0.9999434771362216, -0.9999875181953474, -0.9999846874980655, -0.9999703424243209]
[0.9998921782826159, -0.9999934881793743, -0.9999530612882831, 0.9999492336893906, -0.9998981190606938, -0.9996961854361281, -0.9998827074537118, 0.9997406101106889, 0.9759141569405786, -0.999720086288075, -0.9999860105519053, -0.9999566048940821, -0.999982325087197, 0.9999436963641175, 0.9999595465261746, -0.9996692862108814, -0.9999307495854584, 0.9998429354184916, -0.9999886460599258, 0.9976685642038348, 0.992060933559247, 0.9999519779278517, -0.9999420436542213, -0.9999446693040086, -0.9941292601799118, -0.9998436474457639, -0.9999633387867713, 0.9990343494802397, 0.9994359952156487, 0.9999621134455798, -0.9999845385205357, -0.999993059502549]
[0.9018300236973376, -0.9996692925319938, 0.9991774050841695, -0.9987871559735935, -0.986579537091114, -0.8983262199265634, -0.9990931079523192, -0.8618151331243943, 0.9990481593840282, -0.9017991452716914, -0.925630775287778, -0.9871864783152027, 0.9893459158565457, -0.9993630466506754, -0.9945722065031826, -0.9996029731560035, -0.9997125574269236, 0.9894043243117654, -0.9982505200088871, 0.9970062635953103, 0.9865118306312396, 0.9983640859444108, -0.9953765441509492, 0.9958930510710561, -0.9997038550596239, 0.999449357510395, -0.999762566788079, -0.9985531712499229, -0.15773110760492146, -0.9984259551248492, -0.987365467513005, 0.999611193223882]
[-0.059687840272398776, -0.7053082386241262, 0.08742176501248766, 0.5343743982242951, 0.4673810470746985, -0.6535449815795298, 0.37561688941759735, 0.13025069745234916, 0.4569943338607838, -0.6270002596888395, 0.7077976841330872, 0.6452818453060597, 0.2612804833946552, 0.43019522773668556, 0.3520747213990658, 0.5255454105107261, 0.7228258335910185, -0.7621648072331354, 0.6757416526613, 0.5386635511983539, -0.669007912616993, -0.5731408946757677, 0.5714626255420688, 0.5459152945181626, 0.702246938810817, -0.48320056970066466, -0.7162691054226865, -0.3765278692177093, -0.1166776506094052, -0.09805428130043845, -0.10980989527604654, 0.6549023711747803]
[0.5199525998603196, 0.3415197634104795, -0.1619466350524225, 0.4244879852507028, -0.3270362474641311, 0.5750464827970595, -0.6854764337383134, 0.7920239491218211, -0.25042679191466, 0.3209540511371293, 0.2877738571293247, -0.471314493736604, 0.7437341726291563, -0.019404463301320014, 0.6674213768133915, 0.41584592834182615, -0.8408256015497859, -0.1812049643003775, -0.27324177114664905, -0.5936269727906042, -0.6395719992520181, -0.46273342673706586, -0.71229632955655, 0.7078883496601943, 0.5015852743369059, -0.36204329099343346, 0.4648846353247694, 0.40972944508599884, -0.1959312490053197, -0.5573466004892758, -0.354623910800426, -0.7526995645208021]
[-0.998661574708207, -0.9997365003665432, -0.9995920303867597, -0.9996877470920895, 0.9998662030194331, 0.9838332193320912, 0.9997232433081363, 0.9996476149592709, 0.9992386546605202, 0.999563281473764, 0.999713028819363, 0.9983231781904327, -0.9998727481061759, -0.9337458902894875, 0.9998622978470372, 0.9552469039705728, 0.9044984263728257, -0.9981559417857008, 0.9992534752214354, 0.9981883770487312, 0.9913783823993982, 0.9997344766337437, -0.9964394221382799, -0.9966049632804431, 0.9995098020584747, -0.9995942696351329, 0.999896378703959, -0.9996714361677785, -0.999714347937748, 0.99914298806422, 0.999825555780251, 0.9709518599198534]
[-0.9880822790159963, 0.9999327129519388, 0.977056636482469, 0.9943862541667136, 0.9999230444084328, -0.9999310669720006, 0.9999247260802399, -0.9998449918375449, 0.9999410268209143, -0.9995602343169514, -0.9999237886830994, 0.9952572134462521, 0.9990993681737922, -0.9994907292486777, -0.9988066110415242, -0.9999097822841138, 0.9993614628715368, 0.9999147345927524, -0.9986830072019404, 0.9731265031282152, -0.9975295982928151, -0.9998514937710136, -0.9997785271136319, -0.9997951812314851, 0.9987402258459074, -0.9999300732749422, 0.9999442071968939, 0.9998674830150867, 0.9964725381951732, 0.991025263777323, -0.999909290479469, -0.9699464468315651]
[-0.9999906408289603, 0.9999329911521833, -0.9999914458533626, 0.9999913419276599, 0.9999770679721257, 0.9998815130992016, -0.999951328054316, 0.995851459008095, 0.9875139141646392, -0.9994477884147803, 0.9992398220252878, -0.999709483639555, -0.9999532402441398, 0.9999815395246858, 0.9999275740772582, -0.9996278495206198, 0.9998591748443137, -0.9994637790505607, -0.9999344306788719, 0.9920676758053055, 0.9999346871530342, -0.9996696667211307, -0.9998770324128317, -0.9991413731624025, 0.9979892209168222, -0.9984810185065256, -0.9989835981422749, 0.8886639663868735, 0.9999594253265165, -0.99998828833172, 0.9999757710346038, 0.9999651774503998]
[0.32231489881131636, 0.2644656619819417, 0.9041241677799017, -0.2674419312806248, -0.7096162569064199, -0.8082785990472467, -0.6781601260418113, 0.8445604815419273, 0.38607730202256996, -0.10694013637753677, 0.2337925911131484, -0.6929427101162386, -0.6512825963992832, -0.6688787153662877, 0.8361523867337826, -0.7351434117525607, -0.7678006676150692, -0.09343587440044353, -0.694183279715171, 0.18390421687765277, -0.33126911478337817, 0.1250756378955174, -0.5647473510809881, -0.6119065786430197, 0.5414155999181477, -0.8494796789860602, -0.19255690164569758, -0.8452917809128286, -0.2386022864267725, 0.7826449820726854, -0.6716043676449065, 0.4686535436054842]
[-0.4087657548161812, 0.6490524440331867, -0.8202599861639667, -0.736213045943736, 0.6471735869528172, 0.4482445472629551, 0.16451181292549333, 0.7901189343109134, 0.6605601836206378, 0.658602013755562, 0.6528108352519949, 0.031137515657715966, 0.5557437661185536, -0.25287219162820684, 0.1900231417316277, -0.5214332794927885, -0.5026366908037684, 0.3836517054883413, 0.37771463421833523, 0.2540426531592761, -0.2705439434385204, -0.672645479551374, -0.19719817849703528, 0.6303869180547551, 0.5858203695635477, 0.722010453598335, 0.320348668271143, -0.5659285099100523, 0.5127348953766324, 0.6218287703850419, 0.2616407525522776, 0.10411416899235845]
[0.9959329911027559, -0.9994034973958378, -0.9789149326950549, 0.9996987289650696, -0.999653114982003, 0.999301064515002, 0.9996673511219619, -0.9928439361979355, -0.9977798576904733, -0.9979559616769668, -0.9995517893411959, 0.9920312558633023, 0.9809628908250637, 0.999573070999385, -0.9989283793100859, 0.9966424706184486, -0.9991630386086492, -0.9996999099550227, 0.9994563144068038, -0.8659054293204526, -0.9992690110138605, 0.9994718126782142, -0.9993467387579024, -0.9969305255026887, -0.9996940958552277, -0.9980840100051388, -0.9778212810224703, 0.9991270019775796, 0.9998006623512888, 0.9992388168794113, 0.9140650312227286, -0.9993218074727688]
[0.8796056612424203, -0.4229410994155245, 0.48237857919211896, -0.8078287266819465, -0.850031465852965, -0.8579068779352323, 0.8489574869182214, -0.852487522770772, 0.3869972945766537, 0.3565316579036142, -0.5106506335417791, 0.6468995379574445, 0.4887393749466329, -0.5479044812565351, 0.13621333240415728, 0.23941637239243885, -0.7604881702429542, 0.5879004009904292, 0.4917266349400157, -0.43261711439174627, 0.7458509992102967, -0.7609840502581251, 0.8706484837624541, 0.4005402477525983, 0.7021589216948396, -0.5176870732143677, 0.6581699581519672, -0.590268088772329, -0.5247294381723968, 0.2863656582751328, -0.5824075904098922, 0.7677596036889699]
[0.23185836512048094, -0.09236054288767759, 0.32502430555298684, 0.03937409094329923, 0.5032324121004514, -0.6537140566039615, -0.5734418277365175, -0.5699759226918582, -0.28136757315839195, -0.3302028553953986, 0.42477906336178906, -0.2710316732189401, -0.6346446626476926, 0.7928808798668108, 0.3359344831719944, -0.7285433483186718, 0.2254357453836545, 0.2443135107419458, 0.5577247633441138, -0.08196820677561442, 0.6796144342101356, 0.40576527494844405, -0.11679744668526909, -0.6055360781410583, 0.500789121609799, 0.5452244309067912, -0.3999102311786075, -0.5757017561459363, -0.41297536375257443, -0.7381955101994768, 0.3769410383563436, -0.39326963768399154]
[0.5680528022441265, -0.34337585862842657, 0.44488812292663293, -0.4012195877040238, 0.5004165121005164, 0.6374305536210338, -0.725253184063635, -0.26184017243764746, -0.594114500279692, -0.7635480227753574, 0.010716387300203845, 0.5952198367691742, -0.22309322836628045, -0.22579941043271454, 0.5252852617102263, -0.38279556200166326, -0.20993073863026104, -0.600170024244789, 0.042791034707441805, -0.5812579852683619, 0.502222191478094, -0.20753412483782357, -0.39902437168346316, 0.6575928988489134, -0.31464180306315553, 0.4462551408279846, 0.680052617357863, -0.00248290504010885, 0.439960452787604, -0.5564100965885806, 0.6050158001299879, -0.6401756769929257]
[0.7299018870753354, 0.3049645969445905, -0.44812441553371457, 0.6275097311152111, 0.6376048023616442, 0.22741863174315743, 0.7703237800406233, 0.6553145082616241, -0.5979330717602012, 0.40430477810337434, 0.038930916225434486, 0.2393459711344062, 0.1389844184216191, -0.5987633890925931, -0.11404138379907228, 0.6749441523232363, -0.08096460282035754, 0.23618212819446388, -0.7852922282967619, -0.15723598228511518, -0.677133070429678, 0.5301493109227925, -0.5872825512144036, -0.631518951321186, 0.6687974079280457, 0.06683821424642554, 0.49441033233987597, -0.1322545634954225, 0.7181796735853001, -0.46639688515219446, 0.4183263777842826, -0.6761670480832226]
[0.1150890173219019, -0.49676082106104574, 0.4194335202086737, -0.39262704000742565, -0.38536011584776403, -0.019262894900521084, 0.6787731959732046, -0.6090206452946577, -0.6103631293304035, -0.1656841105331769, 0.45358437410352004, -0.42184895500912306, 0.04960733561154219, 0.17105297004416614, 0.0810833729435543, -0.1667308775037731, 0.684885622652476, -0.6537730891519297, -0.1801702880654443, 0.4783845471776138, -0.23171892767766722, -0.6738436780359938, -0.5687303428139753, -0.5025255898930711, -0.30285177189642914, -0.3679137185622112, 0.0076709758508604065, 0.3630537435469423, -0.5092669904087597, 0.3359054368430656, 0.6866806687244276, 0.558903153874203]
[0.9999266767892511, -0.01674763967530281, -0.9997934185687039, 0.527416878490428, 0.9998500013660859, -0.999937380972851, -0.9999092160586293, -0.9986469401701416, 0.9994241484590429, -0.999789641959456, -0.9999187502113202, 0.8818598980483385, -0.9999610279735187, -0.9998977326354318, -0.04382528531574853, 0.9999669864684263, 0.9997496272959805, 0.9999256493168553, -0.9994885180189235, 0.9996832058763964, 0.9999608628375363, 0.9525724396973821, 0.9999777503755106, 0.999954327583698, -0.9978125362888619, -0.9998300880439751, -0.9999245578073941, 0.9999667949843009, 0.977707841831064, -0.9995424503144066, 0.9998620661973604, -0.9999688643383343]
[-0.9998334243784005, -0.9994753458164749, -0.9499559894723675, 0.9984531492384425, -0.9189070673506093, 0.9983872496516618, 0.9988755992175355, 0.9997005059725274, 0.877408745441611, 0.9992073683045437, 0.9992564645958458, 0.9997140932801214, 0.9947897742811215, -0.9995028051533629, -0.9998237301950078, -0.9937801360747021, -0.9996559190770424, 0.9997250599810587, -0.9905781314349985, -0.998418496361937, 0.9977304540265058, 0.9769725850302304, -0.999465722409963, -0.9989143129572486, 0.9927547251310326, -0.9880537225214336, -0.9999208494313672, 0.9262146453697655, -0.9950467422149736, -0.995245790596035, 0.999616851055799, 0.999686913230933]
[0.6086409120592685, 0.232845040604765, 0.4840800759295879, -0.43840012289563646, 0.05116026620367003, -0.2130207432454192, 0.6337156272040341, 0.6875341178792419, 0.49422475784281333, -0.7270604721419918, 0.306286167740529, -0.45847263578128983, -0.4948843689461103, 0.03391910308017764, -0.4969435934174187, 0.46833600037622497, 0.27965509173360786, 0.7025416126126119, 0.0021755126095373374, -0.26848546327043055, -0.3639356870302544, -0.44972896293822257, 0.5267011685489149, 0.7542931818242719, -0.025388121009937186, -0.49785111381685926, -0.36454708059660595, 0.6673256191643225, -0.06841820033793428, 0.6036968357322365, -0.3945355467198962, 0.7448679111234613]
[-0.37476966216264157, 0.24691329663359757, 0.12596959498265195, 0.3673459604271323, 0.5290646828512237, -0.1410079146339356, 0.3635567980678199, 0.20105470924495483, 0.07002373236606352, 0.36210331032362, -0.5348028383620879, 0.6373210996344294, -0.515793183409527, 0.262298244680184, 0.5672417349282972, -0.5338991699500532, 0.670315256138452, -0.476770890378377, 0.654592602963738, -0.5797726801105735, -0.6440528099556928, -0.5329591665582547, 0.6596740206401426, -0.40799591011896635, -0.5146553011856541, -0.29890009756766145, 0.3863333897042002, 0.654906875554661, 0.5414198279328926, 0.4780150258097092, -0.6650605357337883, 0.4472338412232607]
[0.9999004396031523, 0.9707111610086745, 0.9996155900460887, -0.9999947919160622, 0.999973633368981, 0.9999529711802827, -0.9995604350142623, -0.9999278902939915, -0.9998634316779749, -0.9712785847386128, 0.9995979117933992, 0.9993427556166973, -0.9999511925814036, 0.9999709841394636, 0.9999768128756048, -0.9998910291662804, -0.9999903411441512, 0.9998426455145797, 0.9999168864589952, 0.9999025466739412, -0.9999748976744615, 0.40441381897748685, -0.9998921873301716, -0.9997857715734618, 0.9999362912872691, -0.9999798945612822, -0.9999289621993309, 0.9997806621706652, 0.9999885934012056, 0.9993084837036005, -0.9992576847766105, 0.9808050454971059]
[-0.25044864697283364, 0.6659149585488231, -0.5184166092091648, -0.3408078505971462, 0.6884523381149423, 0.39388168867598766, -0.3607444812298772, -0.7608486386075989, -0.2148212062425444, 0.07890708787857165, -0.5819583558729148, -0.5444359056576801, 0.28809025489743995, 0.3462757871537373, -0.14519734674018772, 0.5369609366914613, 0.682098578781366, -0.5305668632955967, -0.6029074925940063, 0.6454393277802762, -0.0102966737803786, 0.7252574586124614, 0.4621239694536555, 0.3849352674390667, 0.03765582678223915, -0.6292844034490158, -0.7034981342224894, -0.24675053511220468, 0.6367523743187139, 0.12331401084134651, -0.49176767379725933, 0.0392920531274111]
[-0.769357328279375, 0.8829578133665789, 0.4447218807115301, -0.5325606264668217, -0.3819715226702492, 0.6888481150277102, 0.8604309485895396, 0.8194577950694621, -0.0072758819349202815, 0.6931852993201977, -0.9203529763182714, -0.965408604611486, 0.9693130788492467, 0.3269234396832482, -0.4877009746014206, 0.9838504955866978, -0.7436346609439529, -0.16384720634874092, -0.7376161925653902, 0.17808057774331587, 0.3683834554040449, 0.5891910745702252, -0.9419603653851156, -0.9616942005789797, -0.9147385587529492, -0.9418673443072757, 0.9792857370314251, 0.11748401420198014, 0.1408982591166491, -0.3862317488427962, -0.7809029356523546, 0.9590861452721215]
[0.438381618903758, -0.40508861763154125, 0.7631439777598575, -0.07398355455765489, -0.14033879273243305, 0.5898450576366121, 0.8281867054131495, 0.623939583351915, -0.8537990588476667, -0.5556649644303691, 0.6945176731159598, -0.07031066696472052, 0.36040522469620523, 0.7192480308761061, -0.7241698614616126, 0.830127931082719, -0.673223254106816, 0.8916094556219651, -0.19508279444482168, 0.4335365322495699, 0.09645765271123619, 0.8257978888111615, -0.04551749950211763, 0.5941148296379117, 0.2714543760083194, -0.59501132184155, -0.6653335529428706, 0.6361862703173874, -0.8087885883351222, 0.13150880644713445, -0.371336795433778, 0.936858000353582]
[-0.9532203095042, 0.6034318225329217, -0.7586014019113603, -0.9763235738864624, -0.9351670492590635, 0.8209710896238299, -0.8739563279481588, 0.9341972185751917, -0.733817962046585, 0.9342702819115724, 0.05208920770210032, -0.9460157236399614, 0.9628242230617565, -0.21717806640365048, -0.9698821769640033, 0.7848641387778936, -0.9572167125799632, -0.9926554789017975, -0.8374148631540455, 0.9787332772161418, 0.7971312413975215, 0.8621618948841925, -0.9601720504146805, 0.986991241632353, 0.9051658649913128, 0.9925917158902389, 0.986177217501161, 0.8314567084383764, 0.9868812191323677, -0.9864588336359519, 0.8661710757789055, -0.9207769348680357]
[0.9999021026607274, 0.9998080360318855, -0.9990753724397593, -0.999582789072835, -0.9998207980196845, -0.9330856123205769, 0.9988615590744253, 0.99980864687532, -0.999221234608182, -0.9992964002070227, 0.9969872532672014, 0.9770132520584781, -0.9998141062963608, -0.9999389422362995, 0.9995445898603077, 0.9995231090630109, 0.9996904576313502, 0.9972014801134357, 0.9999623906635376, -0.9989951196908499, 0.9994148980819275, 0.9999143933587598, -0.995725768190012, -0.9995460087433132, 0.8771231980369019, -0.9997350291471219, -0.9991903813202189, -0.9984087559077848, -0.9996229564710966, 0.9985947305459554, -0.999216867035217, 0.9999351750395676]
[0.9999426181626766, -0.9999734246862785, -0.9994236626134974, 0.9999326483952574, -0.9999390233668817, 0.9974671895743683, 0.9998636513172035, -0.9999150328983651, -0.9998626401814454, -0.9993624763954714, 0.9999224354025512, 0.9987272303519549, -0.9992132712442994, -0.9999726278810324, 0.9999366423533481, 0.9999553875099906, -0.999605749353808, -0.9980003477744344, 0.9999209027971218, 0.9995083856242785, -0.9999663905703977, 0.9903209024432451, -0.9967706727359331, 0.9992116913481569, 0.9960872379405777, -0.9999742877887623, -0.99996933292225, 0.9999346191660514, -0.9995742471930279, -0.9996351149816673, -0.9988867512348496, 0.9991554559127367]
[-0.9971346460023824, -0.998012244095592, -0.9994341869386641, -0.9883484787828388, 0.9983289237290095, 0.9996385375748547, 0.9995014203043088, 0.9901286577846126, 0.9995587667393879, -0.9994759405981352, -0.9981949656326867, -0.9992388937176715, 0.9855028068927174, 0.9848023783505911, -0.9983573498760989, 0.9994863134334181, -0.9991937156230105, 0.9669608940935859, -0.9995661275843671, 0.9678369825649877, 0.9780688418407297, 0.9984034337130867, -0.9993511967075432, 0.9996931363569245, 0.9983164270757081, 0.994221007688968, 0.9992299780898979, -0.9995014767467464, -0.9990841071376599, -0.9533378622621158, -0.9980076402958608, -0.87397009990813]
[-0.9993747858898803, -0.9994523903926014, 0.9999537448453909, -0.9999262629598518, 0.9999499305937145, -0.999394012411519, 0.9987760204836736, 0.9989480979844119, -0.9910000027180913, 0.9997952908993547, 0.9997695834981074, 0.9999345286318783, 0.8648951004967678, 0.9999434723593776, -0.9998990920995444, 0.9999477610425967, 0.9989820294986277, -0.9996965708891901, -0.9952691433160442, -0.9997268692941421, 0.9357145043327357, -0.9839039542641349, 0.9999379768472876, 0.9999609634230772, 0.9999396473920438, -0.999723330957414, 0.9867857506765594, 0.9972460926376655, -0.26632459830937655, 0.9999150183028819, 0.9996613647080377, -0.9997995838458301]
[0.9999765636280561, -0.9999236091580055, -0.9999940087432816, 0.9996586367632522, -0.9999984070189989, -0.9999968308381207, -0.9999968128538571, -0.9999761696575421, 0.9999690231635439, -0.9999846297308602, 0.9999615835222464, -0.9999781432738306, 0.29178771666858494, -0.9999905585051784, 0.999990824648725, -0.9999932954461733, -0.9999859839125049, 0.9997565783785012, 0.9999395841903335, 0.9999836044865504, -0.9999264079996724, 0.9998113313736158, -0.999997733796295, 0.999929062924466, 0.9999928654531144, -0.9997087448606827, -0.9993917018902088, -0.9999347388718086, -0.9911549310760036, -0.999992588395028, -0.9999651337435858, -0.9999864720967888]
[0.9997412441050897, -0.9952869310706856, 0.9993430634840079, -0.9990261935964433, -0.9988005276260304, 0.9949126031778798, 0.9994149318611399, 0.9978003535914153, 0.9991111289190218, -0.9998121755222446, 0.9177711963040968, 0.9985834631728885, -0.9992916833088653, -0.9986964024602708, 0.9946413311471748, -0.99972734002593, -0.9974482957484782, -0.9371073375104876, -0.9980540739304118, -0.9981355684247116, -0.9996069538671768, 0.9987482328981925, -0.9774818844799025, 0.8653137303060329, -0.9954609058477251, 0.9958577564853413, 0.9791119488941912, -0.9855827548889079, 0.997234650119563, -0.8692608839345676, 0.8734666466457885, 0.9998067218333196]
[-0.10494094057261284, 0.36057626448454183, 0.43672435095223544, -0.09187642324798272, 0.8063546562381859, -0.6695404796912892, -0.2926718313462263, 0.14626277312509614, 0.30154344070206524, -0.4050527469001417, -0.6734146030009573, -0.03291943886198864, -0.05083787774653081, -0.3996219145704679, 0.19432311415342354, -0.7457217926812728, -0.11251198010248353, -0.23314947058561286, -0.16423143801230225, 0.5722683606714822, 0.2088620173090099, 0.5343758111575174, -0.6897620716446886, 0.5295448076579529, -0.4983099347052196, 0.49007008307653255, -0.5732288062439787, -0.7563570127234471, 0.6189640142637313, -0.384753445002983, -0.6129659743536835, 0.5137557739640473]
[0.20128496525143486, 0.9041356772713608, 0.5401770991572776, -0.7402373899023258, 0.6269384604844155, 0.3930680935468777, -0.47098276340087863, 0.289873235442692, 0.7227537647368274, 0.5361995143890022, 0.49182732868367646, -0.6110125779906204, 0.9046609305562797, -0.09484943588292957, 0.671347884104245, 0.8899977385018367, 0.3893627621039931, 0.8234269455185065, 0.4306280589245349, 0.1395150670187727, 0.7220306349462674, 0.2791939149686401, -0.731332994899605, -0.7944160450946889, -0.873727140117466, -0.4912879696072938, 0.3939355972812081, 0.06930208720033423, -0.6407740626288204, -0.8630783753598721, 0.2900153774626773, 0.35035281422858566]
[-0.37535980770320854, -0.09943815701025431, -0.695250760192566, -0.5932917630008792, 0.54065224006694, 0.66842019228587, 0.09151619129148741, 0.2903650778347974, 0.3988509466645281, 0.49561497854831565, 0.8164110217256962, -0.5154623376945561, 0.44751381261913276, 0.1302909520897424, 0.6335754030331603, -0.685982952145712, -0.6057945886279019, -0.41230405318372554, 0.6685911009005405, 0.7827553607623492, 0.11840481979119392, -0.5904933556773612, 0.2234972999962404, -0.6719496729444091, -0.3674862799186374, 0.029180598603492546, -0.45562857462085193, -0.22243002019247485, -0.34197392435737295, -0.42202824245224113, 0.5907559683577749, 0.6582124155682765]
[0.9509378797579865, -0.9998325844271807, 0.9995856307793035, -0.999856792565782, 0.9970415968736303, -0.999002912210719, 0.9991613566685721, -0.9606025713766753, 0.9927680977879841, -0.9994350519621148, -0.9966279304487008, 0.9965004121422909, -0.9997242038755942, 0.9997210067822749, 0.9996731658130479, 0.9883060914185939, 0.9913630188006359, -0.9881188364854476, -0.9987811477033514, -0.9943944226639392, -0.9998461372522199, -0.9789165077309648, -0.9990030603734068, -0.9996222277876746, 0.9976588894609176, -0.9997213083643308, -0.9996376691803563, 0.9700999768196878, -0.055089274775705084, 0.9996626646578085, -0.9998094854305934, 0.9994416659006237]
[-0.812988003107754, 0.9965704295649467, 0.99725780917879, -0.9971203968823151, -0.9975555243450865, -0.9738759065290162, -0.9984047407467279, -0.9992865657065827, 0.9953213077539728, 0.9996146155723336, -0.9991539258283263, -0.9986671364303112, 0.9737348080177612, 0.9985732960463971, 0.9988949927238456, 0.9873323001115593, -0.96461742347995, -0.9990549692258385, -0.99733968113266, 0.8897309938821286, 0.4924849262294647, -0.9978872545055336, -0.9411157308854431, -0.9879236819852188, -0.9560133471123936, -0.5559731243786643, 0.27043040532257195, 0.9984295075233579, -0.9957375065503604, -0.9989553024489853, -0.997085101392673, 0.907168688453829]
[-0.14818415545078054, -0.6375028732222122, -0.2036299149158289, -0.7311046944337237, 0.48469612325445127, -0.16027607771808525, -0.6040666282761366, -0.5716982238680658, 0.2421117709292377, -0.5967096433180988, -0.15538812354792508, 0.1401820672819627, 0.11699226156548292, 0.561675010356392, -0.17393584251915903, -0.6840889897458111, -0.13061410119117545, -0.29005694506324925, -0.36899382994088925, -0.43863426471712536, 0.652547035586303, -0.8150149650469412, 0.09472275642777381, 0.6763876278347927, 0.4048982659570479, 0.5636758890876811, -0.2614393417148045, -0.37178143891263754, 0.1634430202718468, 0.30125261155215244, -0.6406843896003293, 0.6122218633416998]
[-0.9981244938898097, 0.9936835752343086, -0.9985541165312867, 0.9005017148667953, 0.9989034681570066, 0.998294589493095, -0.9951123350662554, 0.822668325324821, 0.9967029889619814, -0.9996308065900942, 0.9956145418952462, -0.9968450914422406, -0.8524032275285717, -0.9599355394235984, 0.9729267369826714, 0.9980077472196554, -0.9983955784859679, -0.9985953981433722, 0.9941040694042897, -0.9987291353688335, -0.9989298337532507, -0.9988190746541405, -0.9688585551101895, -0.9996025395346085, 0.8884126632564531, 0.5007043909876869, 0.8759141025647413, 0.997533674057807, -0.9913726931673315, 0.9989376707909939, 0.997510827009718, 0.9928361742645843]
[-0.5360834999145414, -0.40136707847489633, 0.13621253604222977, 0.3542314566497115, 0.022244901584525665, 0.07887949761871917, -0.4007832446573833, -0.2500224799864013, -0.72706276223733, 0.6363795496705354, 0.4683721865098417, -0.5642067355927762, 0.3370925945329976, -0.45362559590394835, 0.4712108968235064, 0.6908904469044951, -0.6098445360880356, -0.7616281596044757, -0.168701505231774, 0.7558543910334773, -0.635183923268172, 0.6473297259750165, 0.3535955707854285, -0.5066677282433221, 0.6031311083454944, 0.3102336191450285, -0.19111203288058357, -0.2763174364385252, -0.5911695071198272, -0.39400434943686363, 0.6712378020438229, 0.5293356713103635]
[-0.2777898556776748, -0.5468719652276164, -0.7138474168136214, -0.48671316729500463, 0.6838119928614136, -0.5687145583855125, 0.3121049626207494, -0.014762215870932604, 0.3821950913646502, -0.017608977076425922, -0.3563126128719092, -0.45319353393853934, 0.516795137637036, -0.025738058135956865, -0.1695314739909862, 0.2403837392161416, 0.5190451933258258, 0.17202323448906828, -0.5023723837645199, -0.4571202242698266, 0.03936608501314782, -0.2817074264659737, -0.31497186225534, 0.760427018465296, -0.30680537171373223, 0.3575109025509413, 0.683936209991209, -0.5453331394054353, 0.6232442808824614, 0.6022249438938871, 0.29148093360185423, -0.6432849955804627]
[-0.9791936625558962, 0.9840300242754564, 0.9943126101632055, -0.9935534255710722, -0.9813494304919855, -0.9992121695916786, -0.9996656122315294, 0.9073956575136746, -0.9872162154743818, -0.9967930434594094, 0.9982588177509937, -0.9996048145542333, -0.9981809287484451, 0.9985668658751427, 0.9996835134599755, 0.9966627971674213, 0.9986720111527847, 0.9545295312454797, 0.996341455846309, -0.9989647347884861, -0.9976847211755734, 0.9968991733491299, -0.997563988878948, 0.9987001879290321, -0.9992026949338427, -0.902244485451294, 0.9992844466533597, 0.9996510446605736, 0.9591789872727184, -0.9996708360200848, -0.9998222422395181, -0.9995010257755879]
[-0.9999038140250979, -0.999980518373253, -0.9999962158391854, -0.9999956709310616, 0.9997998155437019, -0.9990420010741577, 0.9999457722819789, 0.999391073908583, -0.9999833884700953, 0.999965843750313, 0.9999885168586239, 0.9998813926600932, 0.9994045353313274, -0.9964915989216999, -0.9999950816035401, 0.9999758195165611, -0.9999941322645276, 0.9999772979036936, 0.9985190795637858, -0.9999892740605829, -0.9978166926490105, 0.9999401905878791, -0.9999689167115982, 0.999970495712438, -0.9999832798748511, -0.9999386139420173, 0.9999599118233932, 0.9912922139505254, 0.9999923840740912, -0.9999884668550608, -0.9999927299553095, -0.9999848420474539]
[0.4514223677597052, -0.5264107663133745, 0.21992490614902682, -0.3835558181533457, 0.041275386380695285, 0.2936193928799294, 0.040981065864113105, 0.6299984030747928, -0.08641739147166379, -0.48674313433347993, 0.13149196744888797, 0.20899123278627027, -0.6507801259267837, 0.23031892200809193, 0.04337608617818729, 0.6076580135005296, -0.10541929328743042, 0.5304773511061898, 0.55180150412206, -0.42773011531233257, 0.22847817759836025, 0.20772741794356864, -0.582999089754518, -0.20144695850476896, 0.5094764756439193, -0.5159210001372314, 0.08616517961003557, -0.25501983559807184, 0.2811637678549862, 0.10835652741572872, -0.28062440143684664, 0.4716909398171064]
[-0.27560443034414267, 0.5337244409146286, -0.7019604700097445, 0.01809653999254287, 0.005256754151118758, 0.0749233777923131, 0.17969868522457047, -0.06328090336253922, -0.41296568809189943, 0.5737169854965117, -0.40317784010845964, 0.09142033957099328, 0.10989614446351513, -0.7487743678785237, -0.16692252598591106, 0.485566720981209, 0.2948973922723058, -0.45282780683221235, -0.21762416527542847, -0.7797638465915417, 0.36086006833665824, -0.6166981307530807, 0.2232594536461163, 0.5909134027889748, 0.2701990798513519, 0.7312821594129139, -0.273695137471464, -0.3385634590469644, 0.46403796964360283, -0.2728032812634587, 0.5794463061307799, 0.46866456651801763]
[0.9992712086984, -0.9735917837182891, 0.9978349935962917, -0.9958131688997678, 0.9876488197765394, 0.9954404851676834, 0.9997414785790911, 0.9997925738197295, 0.99302452299324, -0.9482664641893609, 0.9979807373465892, -0.9640254580104517, 0.9996939402218706, 0.9975097784615263, 0.755870095452185, -0.9981635001335254, 0.9986870854775866, -0.9994494434055307, 0.9758815630303855, -0.9942800402426297, -0.9999210822300145, 0.996552061683925, 0.9710792317139593, -0.9968066706427389, 0.9996836421327996, -0.9990238074974115, -0.2820343194595697, 0.9993302834746824, 0.9988574718213091, -0.9323852066617058, 0.9988671685775304, -0.9859181280957307]
[-0.5614850247135861, -0.06230990699786816, 0.2639753263238393, -0.6685261119423758, -0.8360530981427905, 0.7600258872964623, 0.5002822041977484, -0.8509859114070252, 0.5001887379373974, -0.4420620886376713, -0.791523475412512, 0.34339134448702163, 0.5014660847511673, -0.22918435584025162, 0.383685841927628, 0.33837716831151077, -0.5175897863647342, 0.8130451607173573, -0.7148932013210245, 0.31147264061526514, 0.04764334445101623, 0.7818698416032084, -0.8222295994603082, 0.5413911001345474, 0.5438076004745162, -0.5726689717700377, -0.7942347680704218, 0.10370881718083029, 0.11877549789544785, -0.27201134880736083, -0.38270070523094946, 0.6413048784068004]
[0.4320752252028263, -0.061215258639437456, 0.5845955392041565, 0.12546832516413187, -0.5538616885083533, 0.5830433941637955, 0.5887677336184753, -0.46704689491981954, 0.32304809109184196, -0.39856748429756245, -0.7012297352870026, -0.6666498954142204, 0.5235193444011382, 0.5650097486577773, 0.6223037500520032, 0.14817236566827935, 0.6179990547806787, -0.5845864033078242, -0.34537143455346786, -0.4102073368857059, 0.19390708315389718, 0.4860764617979204, -0.5412566439611246, -0.601475543609475, -0.31842010126447645, 0.09093322824799123, 0.25270581052882723, 0.6502388205587669, 0.5680971764528383, 0.7025540812545967, 0.4193600705412314, 0.5637336263114927]
[-0.17437677324612857, 0.23456298755190164, -0.6394333927668159, 0.17109766671631266, 0.4951506003374675, 0.25844559104544923, -0.16821702677186898, -0.3319339690089174, -0.29216674023981326, 0.49968354081525607, -0.004127055610347131, -0.5604994655517397, 0.22618147271190503, 0.2667489225621671, -0.037523205271932945, 0.381832771427393, -0.688493017193529, -0.6932254308779976, 0.33644211302184607, -0.04518277028339458, 0.28060017443024887, -0.43988302026137405, 0.5648367745942392, 0.34155498337251017, -0.1435200532250197, 0.7195792119369322, 0.2387015097532856, -0.518970362165569, 0.32705368906729493, -0.6227232000127125, 0.30038342557469666, -0.676306020624427]
[7.677701173415446E-4, 0.0163843202795642, -0.16279753104656017, -0.673954792163138, 0.16043342902908697, 0.5639530906042556, 0.09603623131774582, -0.6368554357625809, 0.6488863931657772, 0.7518498719255244, -0.418488560289068, 0.43343172064854896, 0.7126408501564911, -0.19055332249709928, -0.41418211067070987, -0.33048585096289673, 0.25282381816206373, 0.6146068237710526, -0.2363794871542339, -0.002654511365141225, 0.0747574911844805, -0.42528602971352414, 0.4420469688539281, -0.5232374754045889, -0.40302423727569753, 0.7272643265145893, -0.35380660668496433, -0.550646706977154, 0.07842323762918839, 0.03727862768407361, -0.2585359132103079, -0.19996164101945557]
[0.6598223007772401, 0.08633562557919713, 0.0813057235407753, 0.6515929696451468, -0.3640449967726136, 0.8174864067346101, 0.5010069156400547, -0.8939489573628111, 0.8178165314739198, -0.8339734336647945, 0.20364651450292004, -0.83388445443919, 0.19162605879960307, 0.8449739195579711, -0.7746983052378151, 0.3973460015540861, -0.7047275220001736, -0.21578830598481014, 0.5928927949620004, -0.7890887784278244, 0.2937022085818986, 0.49032004247104105, -0.3984786801095552, -0.19448106053929007, -0.577145681040626, -0.13607242256120378, 0.7410776107028987, 0.8385264617496797, 0.43969334037951385, -0.0901703925690548, -0.19180298633620377, 0.11503220194633604]
[-0.4750071403023472, -0.5505379137768275, -0.4498857777452265, 0.34443710928736593, 0.6404847371015863, 0.5958284064006825, 0.007184453507736253, -0.6955486761665071, -0.3766926866654526, 0.6846598298786982, -0.3054178240610346, 0.29786148312862576, 0.3308222638645148, 0.062017839140576174, 0.2531881536481225, 0.6959547284428137, 0.25512556544094, -0.3065050364245158, 0.35060063987631457, -0.40669095299210434, 0.40666151505490244, -0.2945102267967595, -0.23500633366361684, 0.642149711558962, -0.6530657487601905, 0.42217921026066374, -0.4024651975208318, 0.6460098618744983, 0.044052569320240514, 0.44943311340998504, 0.05363092709239789, -0.17165151953392438]
[-0.9276746439440672, 0.9949516080742793, 0.994082072354151, 0.9370416476205421, -0.871241073073652, 0.9937228325188499, -0.9415244043550569, -0.9891413543982744, -0.7737645574371139, -0.9762696108963635, -0.9782828154440809, 0.9950438817586066, -0.9899332940160921, 0.8765816059166613, 0.9849966765701192, -0.9897742441607269, -0.9720606748095472, -0.7761931864158929, -0.9604362575789199, -0.9918525887129843, -0.7278200642602981, -0.057252771516406196, -0.9934811174326915, 0.8835516012650849, 0.9947095004373285, -0.9915192372093343, 0.7542851038442088, -0.9408562878161689, -0.9274577949624488, 0.9854717991238227, 0.9916229625278548, 0.9860057327513226]
[0.36504187501056395, -0.5562328227465816, 0.44547380472579157, -0.13362444340343432, 0.5525978521546032, -0.33664022570668223, 0.5959403043119111, -0.43201226772631934, 0.5870078254128691, 0.6801679175630301, 0.6981242644691161, 0.14847373214845566, -0.2924023801588228, 0.6951447714275705, -0.5070845212445482, -0.5844648924704152, -0.631596467960268, 0.5472172904984745, -0.6474772392557162, -0.2728332331001032, 0.611045950767012, -0.37857177385822977, 0.4815159620292191, -0.4737465637035145, 0.37899402705872, -0.26551647113737054, 0.20709203003556412, -0.49061762165902384, 0.18192070244644815, -0.21083068344820521, 0.5438326672395086, -0.04125456567135739]
[0.6744561967266915, -0.5123318725732761, 0.0024842593801371205, 0.31785766018288397, -0.8750545288629711, -0.9056863408423221, -0.39569307524651043, 0.7214563835666677, -0.7688954825129104, 0.4487304066875917, -0.7927650285075682, -0.818482693163017, -0.938761842051094, 0.8786507949559679, -0.2515164113965995, -0.05264432561696604, 0.5700206376021063, -0.9244435113401892, -0.9219427383264182, 0.5859744805003093, -0.06262017754806394, 0.942848600659197, -0.4683977557406036, 0.4048507784149325, 0.8945526021603342, -0.7484615851483479, -0.5567048721846956, 0.5261372507028694, 0.1973538547265552, -0.5223086938638518, 0.45193892891645265, -0.9106463895097581]
[-0.16353055070771613, 0.4433633693233383, -0.5427505679904059, -0.14459244240460062, -0.25352421354586446, 0.45695597245531255, 0.6288639203951244, 0.606456077762008, 0.6423450161756267, 0.12771476834413573, -0.39903077131245407, 0.7075470018812879, -0.5346836554966515, 0.3769432501012941, -0.6894479576817559, 0.5951801154352288, 0.6685618027418029, -0.10961246050047062, -0.2835861839482048, -0.38897417760117753, -0.06978786945083876, 0.042546847603669585, -0.5489769775598643, 0.7931392382119398, 0.641328861900795, 0.2734146835781607, 0.5362866191672511, 0.6730244635378814, -0.21714798617094802, -0.04623132430434906, -0.33514232464254734, 0.11898489541957506]
[0.8325540474828624, 0.4544651914645717, 0.9715390377561415, -0.6170769845000271, -0.9695634660127809, 0.4707045057953255, -0.8061060578601118, -0.9647157258849376, -0.9592194721126945, 0.9536820048348487, 0.981412477311729, -0.9680503047744171, -0.612154843498896, 0.9289633469169594, 0.9732301915533199, -0.9005536770882598, -0.8353366959821673, -0.5247104420849114, 0.7390903745918684, -0.7709526318711671, 0.9912914263281624, -0.8349730066074006, -0.9441785763696122, 0.6399097634558335, -0.944755443614932, -0.8140842960020083, -0.9842632168885991, -0.12776474800091817, -0.9574830584383066, -0.9316851058315861, 0.7335683608676274, 0.8331818629970508]
[0.6816689226013575, 0.4064717987365785, -0.8446916009387733, 0.799043729324308, -0.7145389478695956, -0.8892310856538636, 0.9160079877037968, 0.9174158080847387, 0.7690611406602968, -0.7606297305338307, -0.9423018823734635, -0.8521776454846112, 0.2287096174445433, -0.4613877214797517, 0.4620609236502022, -0.0499769200333515, 0.30273919177533276, -0.841513909171906, 0.7182119607234708, 0.5892517294187659, 0.5435603350691932, -0.7828255048508537, -0.8380259466472988, 0.9368625313326763, -0.07395101860818329, -0.9737940848066834, -0.8974344477246293, 0.4213467523041402, 0.8176272412224466, -0.38139949917066307, -0.7495050481663474, -0.9351775837971756]
[-0.5548265347236784, 0.6827847429864712, -0.4177397568609719, 0.2200815601484243, -0.20446577999906904, -0.7288976301625476, -0.5097741742278054, -0.32377194540089177, 0.08908282981393355, 0.7311915037189958, 0.7034630004604066, -0.31855352363953365, -0.4773327833042651, -0.706870547713392, -0.07814632645509921, 0.42910213964216154, 0.020519935370964436, -0.3793725044023244, -0.7549005515412012, -0.5260416830615884, -0.5443312243173187, 0.5666340190872349, -0.39834829383921627, 0.5535695596869088, -0.41937582523390515, 0.6701132201409427, 0.33730732906373934, 0.21809595238362287, -0.4958446223086978, -0.6645509528740395, 0.6456152526018847, -0.38023698747187074]
[0.9988039513908646, 0.9946528468643241, 0.8061616197523249, 0.9981027741574818, -0.893355367923118, 0.9998907027538761, 0.9989736160700232, 0.9986311899511015, -0.9520177043958552, -0.9982937247863135, -0.9926763209507593, -0.39719117185674285, 0.9827264614923611, 0.9945341218804011, -0.9923656337498473, -0.9993444644288918, -0.9969525240486192, -0.9995304593830396, 0.998834225746279, -0.9972695187797903, 0.9997089620391321, -0.998643734296114, -0.997549605629988, 0.9989467202948071, 0.9993609676069568, -0.9772185434882411, -0.9992215296332417, -0.9596324667113829, 0.9865082955166102, -0.9985850438497254, -0.9863081933261149, 0.9964856912850546]
[0.20425444386692299, -0.4950861687680589, -0.6892679873464259, -0.6865172211047448, -0.6318302768092148, -0.5579547291373266, -0.6223758130531053, -0.44099662650046967, -0.5769284684846119, -0.4246295532892386, 0.02164882082061634, -0.42599520136803765, -0.45633684633644134, -0.22530914381250816, -0.4736213934446209, -0.5455080895625664, -0.6482086068016248, -0.6840577101352918, -0.10437077320640759, 0.4404704654391169, 0.6029067011623036, 0.6348629445112535, 0.49854022033243195, -0.1304889055671042, -0.5227921670038591, -0.12091832112127558, -0.47152937843120457, 0.5375278638111886, -0.24691325927815158, 0.09735963702454714, -0.05611474037538856, -0.3583331319182738]
[0.6033457644393724, -0.41272363905304815, 0.5485559443915715, 0.7516362390884685, -0.6340276317936991, 0.2968239895247592, 0.3657558089927878, -0.7334761238168827, -0.6716669521407165, -0.2042999383867314, -0.4322013173049749, 0.6302489159006386, 0.43989370995444604, -0.1838054791872495, -0.5554483364098287, 0.40644919209355745, -0.6682162103337377, 0.3245358625287465, -0.3011982961053918, -0.11212146032099782, -0.5054089520650085, 0.6561070634085465, 0.1326108728347466, 0.5951525160972331, -0.36795671682152387, 0.5385180046020667, 0.08658620223940831, 0.5088354098656034, 0.5505412486783421, 0.11103894463461178, -0.21288761519301022, 0.45224254106878986]
[0.42921719444589995, 0.49591868688529595, 0.28094509012278757, 0.5319972206072944, -0.11666084194709053, 0.6615084266934214, -0.3578974740891373, -0.5411822489709341, 0.4869764462683105, -0.37557657523960847, 0.3727769925850116, -0.7534575324666294, -0.650184211974762, 0.6235785739554417, -0.16549099934313616, -0.21096986934255277, -0.13575218820027973, 0.44621679736489267, -0.6450874269992091, 0.34285073394746124, 0.20813773599042282, -0.6374573971007953, -0.14027313768549793, -0.30733874020239155, 0.7067123413503462, 0.2041629179948786, 0.34440368853800707, 0.4303858303592154, -0.12113037899736072, 0.2476631171065352, 0.7372284122657894, 0.7227895408445575]
[0.9998526810645963, 0.9992092893715397, -0.9950019178217444, 0.9992274793527015, -0.9719816416962376, 0.9996033407363409, -0.9995900214873906, -0.996435698932397, 0.9973271789407354, 0.9986982545484061, 0.9915664830861736, 0.9845769725430393, -0.9997752876031683, -0.9980916885677977, -0.9802016127550071, 0.9991949370431201, 0.9815986304678491, 0.999750437488727, -0.9120003633936911, 0.9994081488335461, -0.9724171434328122, 0.9996869425558484, -0.9995384603120994, -0.9997758026977751, 0.9858321431939714, -0.9991676243350187, 0.9985267492128445, -0.9975399903399502, -0.9995574930246917, -0.991970484307167, -0.14834620757400463, -0.9996835692409921]
[0.40521521013615897, 0.3229393680122347, 0.5201398829381764, -0.034982769684744404, -0.5761681090975694, 0.37814903743388895, -0.05978011034909109, -0.32854210101131587, 0.4692716204583088, 0.5656569539999003, -0.7559408798980515, 0.4746027500710049, -0.5804597002037906, 0.08324565621229821, -0.369163125354242, 0.4258877927281482, 0.7540512401921209, 0.10883759479571599, 0.6285969194561581, 0.30966192021281885, -0.41715934909001495, 0.6127926057277425, 0.3393389609215735, -0.29991882963946737, -0.5711125210662328, 0.6719714545272862, -0.05032667586482769, 0.6398169358219304, 0.2701474866930611, -0.3923287745875059, -0.5725444871104142, -0.62502853860867]
[0.16134203650300058, -0.4387956439665913, 0.6722875044566627, -0.71830777640322, -0.13034380352973698, 0.06725086786508183, 0.710524432647715, -0.6408956307921381, -0.7728597071906004, 0.6225060592227316, 0.7343529795730452, 0.7819692743328828, -0.8254336336588936, 0.7020560408017994, -0.2802892983977427, 0.7175308240387931, 0.7005138117169144, -0.30972755879264374, 0.2997479856856934, -0.7310015168071327, 0.4710522030547599, 0.13922365942468096, 0.17618612851363807, 0.5716552157649117, 0.012010370084554387, -0.34848825692496577, 0.5510098829467756, -0.7330716646675229, 0.6374564258745341, 0.4350300013930932, 0.49291874664366225, -0.5976680962724997]
[0.9882973439637779, 0.4136048374918749, 0.7834885380271466, -0.6304925065498671, 0.9866217667258753, 0.8400876733028582, -0.9917631177413102, 0.28278832002593296, 0.98711234014203, -0.9868788614354781, 0.9743186033132883, -0.6067247451115778, 0.9958181298861778, 0.8741337387371098, 0.9882444750009634, 0.83607763997161, -0.9903491797325326, 0.8914334095077472, 0.9324408866342592, 0.33628587390728587, 0.9205496793828521, -0.9928214034788335, -0.9169527106763097, 0.9947100974584044, -0.9641859553570998, -0.8910106458204011, -0.9847381345921892, 0.21922722851356816, 0.9896598996766329, 0.892667565723677, -0.9118748357117485, -0.8084741671308113]
[-0.6299818264580868, 0.7058434081335255, 0.7172842603737842, -0.31154976603047263, 0.041220172325875666, 0.6654240573809699, 0.3181843308990366, 0.43553534880066896, 0.3932217930659777, 0.28085025326708446, 0.393667576477447, -0.5519477375966231, 0.7777705334819722, 0.18374956999668446, -0.06859716462038634, 0.4580265896909498, -0.3066268570711251, 0.22793273390470004, -0.6810590681384632, 0.5588818366960109, -0.027396788949010976, -0.014428429067384594, -0.12131912737822392, 0.49307848912357616, 0.4433892861892774, 0.6745440202556964, 0.4334939011461619, -0.504148513824302, 0.10355056647441575, 0.023981808520519603, -0.6247632155132807, -0.596265066842207]
[-0.8505791915116828, 0.36620594145579455, -0.8242474370538834, -0.20441733959614408, -0.33092161580986945, -0.23988190933017872, 0.7664495265493421, 0.8223907331285611, 0.009227418639709774, -0.4450099053717123, -0.054973816500606724, -0.48560503345506056, -0.5318538917558105, -0.08235971887725038, -0.4745002207271684, -0.7521846903590796, 0.7898227333159219, 0.8218093960155066, -0.6233895920259002, -0.5818317845614449, -0.08582855464797967, 0.5989609013224039, -0.8270512561693211, -0.925236995436393, 0.3899427746401092, 0.2556969031621712, 0.053257941973875865, 0.4997531999441301, 0.6097846034122336, -0.05154482995026204, -0.16131744370244358, 0.29906133764973986]
[-0.6439186893242095, 0.5910999507661447, 0.6233947400407092, -0.5877406797788115, 0.3513921916494919, -0.3559482575288915, 0.0722555665340352, 0.038100194788430596, -0.39067416895310153, 0.5203740968463242, 0.6113612320240647, 0.275201632008161, 0.6009840773224803, 0.5139443947332809, -0.4396910691605126, 0.18732472701211222, 0.4145540662295382, -0.6965047938026683, -0.6061220025872166, -0.42272751573972556, -0.14438609320031115, -0.2191949694983812, 0.21534988093499094, 0.5456432677339289, -0.21452572527360195, 0.04574889189235935, 0.7039832879045635, -0.2917573308074106, -0.1434374416901972, 0.5246373309170698, -0.5467077533108138, -0.06626746885004182]
[-0.9955599580016049, 0.9988773308218474, 0.9984462832152169, -0.9995886825558703, 0.9994756372840455, 0.9945613295388455, -0.21461300473226663, 0.9966857760017047, 0.9993532947733492, 0.9994945584548471, 0.9649536728843586, 0.9995628650236906, 0.9842876933702543, 0.999580402728295, 0.995730434349166, 0.997359124475676, -0.9996731298285902, -0.9996687843951356, -0.9976853760650282, -0.9992582067449018, 0.9988598606266831, -0.9970078396836806, -0.9941214336577152, -0.9943165787600758, 0.9993842041451587, -0.9372003362603529, 0.9836478034484993, -0.9847978833601316, 0.9997050383008639, 0.9943203895420102, -0.9953001292321098, -0.9993236095077178]
[0.6182996460183605, 0.9192654056147567, -0.33384482078449856, 0.30570102963481566, 0.01593692981407523, -0.6907965612935759, 0.661150458912398, -0.7705049535971659, -0.7203879466141265, 0.598547113123003, 0.551473696764302, 0.4954488183939256, -0.6285250654274299, 0.6511594881765039, 0.528510417624571, -0.7351419730824811, 0.9488399896396718, 0.603703821203927, 0.8026822111376261, 0.5981947614628611, 0.7992961722460026, -0.35429260777715604, -0.9184490013771711, 0.19783398968039803, -0.4525051985189646, -0.8481653072139564, 0.8535833377647924, 0.5750262666138769, -0.9530674281614209, 0.7619886050766579, 0.665777823745047, -0.6323027970989588]
[0.5169818777242712, -0.11992679427759029, -0.22481209079961184, 0.6075549359712884, -0.5714543122187036, 0.3026462907294481, 0.4462904020515975, -0.42473704550596375, -0.6653516826320642, -0.5825010525022117, 0.2995420431158639, -0.49168159961000546, -0.477358560967062, -0.5547079514441071, 0.40538938250980305, -0.7044107595619477, -0.48295086933738296, 0.283072924389603, -0.46484557651763364, 0.5212543846768501, -0.01780335358378563, 0.1868420387420611, -0.6866622592546113, 0.013185710858870341, 0.11001203604475282, -0.6083046952853205, -0.7454665327996441, -0.4519180023242719, -0.4307867799378363, 0.16957902543600448, -0.3402130670643666, -0.08949546550626701]
[0.6762341872202492, -0.716990268534466, 0.7295780276682234, 0.653495696119145, -0.643168749237359, 0.6797120799328955, -0.634846765810391, 0.057164241616315455, -0.6447025061721896, 0.6084363849454847, 0.5082812570427913, 0.469206808028389, 0.46174983205740666, -0.01814763250761221, -0.23745234050789926, -0.12276841210413941, -0.46072487481035296, -0.41894617208935386, 0.410034136189741, -0.5107339863447694, -0.7385460629847704, 0.5047558711404013, 0.6476988261762059, -0.7052492214010004, -0.6017649892424469, -0.5010465042326776, -0.06370550084490502, 0.6720903330584689, 0.07916300663469453, 0.6948389611872061, 0.16336560377645556, 0.7413227956329534]
[0.25223141604185295, 0.5673531573014872, 0.7264304345711488, 0.6702548574977585, 0.01881873564577591, 0.3022238183377281, 0.4262773696341967, 0.7129492456375425, 0.5889417771708275, -0.16102077085978764, 0.3056453126456232, 0.2546103657262802, -0.5315380520742305, 0.018618847188138686, -0.18162134356146284, 0.21282917271447188, 0.6958106438421634, -0.214701314364293, 0.5933476766794222, 0.4262164924789935, -0.24807739906464077, -0.6821591303248343, -0.5394067791616478, 0.11333998122037812, 0.08474417596739797, -0.736431337106587, 0.6992779807570986, 0.3011193015686013, -0.6358600075613, 0.6230802360466865, -0.7228051828084976, 0.6938135748041624]
[-0.6209849658432557, -0.7232230251030339, 0.36954262633617907, 0.05290226386656901, 0.3198505170102311, -0.7588898628485016, -0.48212076135075765, -0.7648120224151316, -0.22456898627116784, -0.5841175181643066, -0.6623476180086455, 0.5841873652141136, 0.6821672440757273, -0.45682777730911256, -0.15974684931162897, -0.30633749551621436, -0.04283309810956573, -0.5754811628442994, -0.16097639211536557, 0.23926199779302412, 0.6128519791294391, -0.24796296468371062, -0.6197736662904744, -0.4335509933887871, 0.6883675460246825, 0.41201919681571936, -0.28237506834846937, 0.3527629075355588, -0.49215238497024477, 0.3296163047743359, 0.5811565448786082, -0.7103356313853484]
[-0.9974798210728796, 0.9992308165354583, 0.9971384201650048, -0.9983211364484382, 0.9983212293729683, -0.9995978378720172, -0.917506228845887, 0.9990252787593462, -0.998583853490921, -0.9997719542737946, 0.9930715204923943, -0.999952298268369, 0.9957896243623245, -0.9998939171187641, 0.9999466812339246, 0.9998593287385062, 0.9994737648242538, 0.9996691737844897, -0.999816303966226, -0.9944933930546607, 0.9998944372610911, -0.9984511541341121, -0.9998821965551964, -0.9993707648874394, 0.999029526632557, -0.9999681820386623, 0.9996927807529388, 0.9998520521748548, -0.9991406823711227, 0.9996058044605445, -0.993916762274418, -0.9993331700748322]
[0.6255488275908463, -0.7156819617764686, 0.3891360002134983, 0.5891405244065684, 0.5379663268936625, 0.708485181559428, -0.6835703452076057, -0.5843052686106246, -0.553833167486296, 0.2178998527136421, -0.7239407908704822, -0.44183887525279597, 0.7068029914230963, 0.2657712614317202, -0.5601919394375253, 0.5931278579583638, -0.5617873457323569, -0.5162159394465258, 0.4427325409606378, -0.2864551333048826, -0.41574809789139855, 0.38671152159614525, -0.3292501148552396, -0.597685300860981, 0.09045081963304591, 0.692367698045503, -0.10444826037322306, 0.15124376449923452, -0.6909777720493242, 0.3314285301794735, -0.6156132644239422, 0.45543785260946806]
[0.7910946620819548, 0.3537635764450196, 0.1056946627988955, 0.18910351035327713, -0.5141667037285003, 0.2342997585446365, 0.4156142814433234, -0.7056902178155097, -0.20325539184155028, -0.7517655978920001, 0.5359748747494804, 0.14822870192865475, -0.25686161284126624, -0.7113044647611326, 0.08370301801675924, -0.4211352867534417, -0.4603312624784791, -0.5490868995657849, -0.2888034987520658, -0.40058555172727567, -0.3408241415177088, 0.17702059020128003, -0.5324906121943361, -0.49126188888086364, 0.5662117341341986, 0.5681730913023726, 0.6076779740338595, -0.1499420789904218, -0.3028188018758342, -0.6501586055904746, 0.7241102492924708, 0.5437782432904922]
[0.6403036663505601, 0.1194498626849846, 0.06687112918982233, -0.23906213378630536, 0.27759136737080853, -0.25229616606703564, -0.7236826814302423, -0.1983809937170177, -0.23937107909330654, 0.5722116929809111, -0.47163378872803174, 0.7881098600432346, 0.37468759767844334, 0.5856475576228736, 0.6419634727216507, -0.25002273795075264, 0.176899829723134, 0.006814306318592669, -0.05373947670121292, 0.1453388882294771, -0.1957930584267888, 0.6313442396922385, -0.3189773826638251, -0.35553432362525644, -0.05660149771972867, -0.45179077496249215, -0.6794990633690607, 0.09667877354524153, -0.7920794097672826, 0.2820964981006261, 0.35380873619564324, 0.09950391874826818]
[0.3572966932958868, -0.16921207459110912, -0.2677378973499277, -0.3540225020924823, -0.20134661680917115, 0.6144726612848, 0.2978552841531083, -0.7587338343278894, -0.231939339766595, 0.4862759638638102, -0.13886438354924793, -0.5042101213557998, -0.6890133528342779, -0.7207727277319191, 0.7556086036145574, -0.6552694181892614, 0.7000113626687177, -0.1193354851405433, 0.5031781322399309, 0.34067434068483354, -0.052750190302752444, -0.4493625844253883, -0.12292268617728562, -0.5802946120697619, 0.20109994240408133, 0.059546005763657546, -0.7230082818081732, -0.0767327748169901, 0.391983700897621, 0.38652844578762213, -0.2610946512866963, 0.7589349472071426]
[0.9805308904737688, 0.9906628623905739, -0.9975914045505114, 0.9943499118625324, 0.9471231934961184, 0.7685231730223268, 0.9991450419912324, -0.9483970174362949, -0.990458494437674, -0.9964311986712325, -0.9944099401403624, 0.9970333389278294, -0.9982617486127643, -0.2208728246896914, -0.9955657119674265, -0.9980442916140781, 0.9988987874537925, 0.9977980909910357, -0.9739638767641999, 0.9991138221281983, -0.9967751897899392, 0.8647051388553584, -0.996711059800382, -0.9963830770831814, -0.9983087812082904, -0.9827251379664755, 0.99792262712633, 0.9960500204700621, 0.8729933302625137, 0.9991696507191116, 0.9535083804203569, -0.8207385622087708]
[0.0860116980431652, 0.5729208567863712, -0.6135587930691702, 0.005171910666111481, 0.6434888691004756, -0.7394609065906945, -0.7235034534689155, 0.45769478222869214, -0.1658766877777345, -0.5736915604592165, 0.013862039282632896, 0.7118251312027415, 0.5694953848346835, 0.6236208594816995, -0.46168766181831744, 0.7715396326258284, -0.5582787663737675, 0.36031788953060073, 0.07105882266830987, 0.2142319021456616, 0.07173475706427905, -0.6361630014346035, 0.6491455132984613, -0.7710436505729683, -0.22218797406085738, -0.6440634368079228, 0.24929362965251287, 0.2226507223640373, 0.5012483433514408, -0.46668670082919106, -0.765066848729223, -0.6848727068822812]
[0.21595738453722985, -0.9088571080399255, -0.9904059130061462, 0.8983048136855748, 0.9931784222509992, -0.9984012236233554, 0.9928564014144485, 0.7966042538855855, 0.61267375933925, 0.9916504794129058, 0.9961137871306832, -0.41655706890064614, 0.9963383673537374, 0.9980804560790164, -0.9990611096722956, 0.9665760199898435, -0.9987615708568836, 0.9995192450271235, -0.996809420022699, -0.9982656846217166, 0.991853722392161, 0.9992949984693431, -0.9573182997849031, 0.998143630798937, 0.9989092054000415, -0.16173840408774737, 0.9998602089422225, -0.9995877071722242, 0.9983957312091475, -0.9980016965915853, 0.9994905668155213, -0.9979872630878786]
[-0.9999866511329311, 0.9999052068814447, -0.9999476298916014, -0.999966482967775, 0.9998578615850371, 0.9989771942677764, -0.9999524256592719, 0.9999132562614655, 0.9999658192440434, -0.9999689246437719, -0.999783592522018, -0.9998695652687445, -0.9999396064691608, 0.9999623402803468, -0.9999607245290524, 0.9999918276435965, 0.99996772183084, -0.9999437837409314, 0.9988783288572195, 0.9998657635825124, -0.9999961456067182, 0.9995568180993072, -0.9999927634537766, 0.999995121538666, -0.9995189650605684, -0.9999874065618471, -0.999901779631611, -0.9999553378318615, 0.9999573886855669, 0.9999876223803124, 0.9933563074679748, -0.9999831738749936]
[0.5633287608081042, -0.5360802932466239, -0.23549878927618886, -0.8368998690965784, 0.614582145478384, -0.40908799421750974, 0.06345783919746031, 0.5070142808898116, 0.869819335363844, 0.6957037737670556, 0.016530267310929072, -0.6798471445068662, 0.04237026065976173, 0.05576676066624544, 0.5219461795306428, 0.4607640673082828, -0.5259837069463301, -0.6342143689927557, -0.7623538863619033, -0.29311145066865724, -0.6197768346287688, -0.7756571469753819, -0.47313163046395207, 0.24596227086594072, 0.7463444978691889, 0.6656607069105818, -0.450628159430265, -0.19197258955468638, -0.48306624730009695, -0.39300217376358004, 0.5370331182298765, 0.15871122277192978]
[-0.573522421105491, -0.830159426040708, 0.3935140462888099, -0.6741446600921841, -0.713886335223046, -0.594020480550016, -0.1918687939502267, -0.6005295673969633, 0.4460615227892784, -0.5831707070516314, -0.00707379390833126, -0.2656118292457313, -0.6138941946330103, 0.13829489431359043, -0.40893022354930664, -0.008096447962672405, 0.25530345667916526, -0.26328737365870303, -0.383528968279542, -0.20877751907213404, 0.5001840554205799, 0.5522530600883003, -0.7095921112397849, 0.10269245894255717, -0.7993121031112635, -0.13320684231582447, 0.6380219418290253, 0.42153429435298095, 0.6793600710659291, -0.3615319860822679, 0.42674308091867924, -0.1472645702469365]
[0.9923860721209752, -0.9980396620711804, -0.9723750856611562, -0.3567768479350214, -0.9795640795463679, 0.9947072053438637, 0.6988996053673984, 0.994499793916702, -0.9896944696214877, 0.8695122576198853, 0.9944098573340402, -0.07168479158457089, 0.9837538277140908, -0.9894999309165888, 0.9919597976508459, 0.9866569005228966, 0.9938727771931912, -0.9970163917864171, 0.9886018516498837, 0.993129260606376, 0.9955832237378203, -0.9376598518114319, 0.3815584219355677, 0.9599154435218694, 0.9714229586606085, -0.9930382417828709, 0.9897009092114133, 0.8530195120621547, 0.972260324928677, 0.9763421835297353, 0.9842305384780329, -0.35981301209783145]
[0.9997163697518924, 0.9999646322135483, 0.9999941631299624, -0.9999896547702, 0.9999934225213414, 0.998423705752429, -0.999970093751598, 0.9999879562349486, 0.9999872410999344, -0.9999471963857147, 0.9999843297873485, -0.9999933214808491, 0.9999935903004489, -0.9999972218385537, -0.9997407350313092, -0.9999863950206388, -0.9981084503247752, -0.9999926878671065, -0.9999956105931279, 0.9999953347542642, 0.999586319858462, -0.9999962214845531, -0.998612331706609, 0.998298783234757, 0.9999662898798348, 0.9999043403129836, -0.9998957157560745, 0.9999602766206178, 0.9999943416443198, 0.9998199170072456, 0.9999878641072026, 0.9999884195360526]
[-1.0, -1.0, -1.0, -1.0, -0.9543793418190696, -0.4509876858104359, -1.0, -0.4645567373795943, -0.9010829925537109, -1.0, -1.0, -1.0, -1.0, -0.49726689945567737, -1.0, -1.0, -1.0, -1.0, -3.0, -1.0, -0.7583232359452681, -1.0, -1.0, -3.0, -1.0, -1.0, -1.0, -1.0, -1.0, -1.0, -1.0, -1.0, -3.0, -1.0, -3.0, -0.5400347709655762, -1.0, -1.0, -1.0, -1.0, -1.0, -1.0, -0.961749943819913, -1.0, -3.0, -1.0, -1.0, -1.0, -1.0, -1.0, -1.0, -1.0, -1.0, -3.0, -0.505769903009588, -1.0, -1.0, -3.0, -1.0, -1.0, -1.0, -1.0, -1.0, -0.9547053250399503, -1.0, -1.0, -5.0, -0.7010738199407404, -5.0, -1.0, -1.0, -1.0, -1.0, -1.0, -1.0, -1.0, -1.0, -1.0, -1.0, -0.8802545720880682, -1.0, -1.0, -1.0, -1.0, -1.0, -1.0, -1.0, -3.0, -1.0, -1.0, -1.0, -1.0, -1.0, -0.6912286931818182, -1.0, -3.0, -1.0, -0.45359221371737396, -1.0, -0.905796311118386]
